Chiller cycle ridge subspace all dimension results 1-9
r=[0.1582653279488667, 0.1358038653496833, 0.09333249427453165, 0.08150151960591527, 0.0987600714701949, 0.09433301993861529, 0.13875401019510356, 0.07876903332139165, 0.16472894967208054]

E_var=[0.5742652902834544, 0.5801691930421462, 0.28098920271275085, 0.35797969177258243, 0.4251529940254196, 0.35108755969662464, 0.2878857729730203, 0.3189734502425734, 0.28958690990522257]

kernel[1]=2.07**2 * RBF(length_scale=1.04) + WhiteKernel(noise_level=0.563)
kernel[2]=1.39**2 * RBF(length_scale=[0.684, 0.28]) + WhiteKernel(noise_level=0.529)
kernel[3]=2.53**2 * RBF(length_scale=[1.42, 0.306, 0.572]) + WhiteKernel(noise_level=0.215)
kernel[4]=1.69**2 * RBF(length_scale=[1.19, 0.317, 0.934, 0.418]) + WhiteKernel(noise_level=0.248)
kernel[5]=2.35**2 * RBF(length_scale=[0.983, 0.93, 2.92, 0.78, 1.63]) + WhiteKernel(noise_level=0.353)
kernel[6]=2.22**2 * RBF(length_scale=[0.353, 1.19, 0.765, 3.26, 1e+05, 0.931]) + WhiteKernel(noise_level=0.256)
kernel[7]=2.01**2 * RBF(length_scale=[1.29e+03, 0.746, 1, 0.281, 9.43e+03, 2.76e+04, 1.79]) + WhiteKernel(noise_level=0.207)
kernel[8]=2.55**2 * RBF(length_scale=[1e+05, 2.13e+03, 1.24, 0.931, 3.14e+03, 0.527, 0.798, 1.67e+04]) + WhiteKernel(noise_level=0.245)
kernel[9]=2.02**2 * RBF(length_scale=[545, 2.26e+03, 1e+05, 0.941, 1e+05, 1.49, 4.66e+04, 0.47, 0.413]) + WhiteKernel(noise_level=0.205)

M[1]=[[-0.16494719]
 [-0.11257646]
 [-0.03828595]
 [-0.23410381]
 [-0.01377551]
 [ 0.43184218]
 [-0.34030199]
 [ 0.39698122]
 [ 0.26238574]
 [-0.61231145]]
M[2]=[[-0.19867187  0.11403823]
 [-0.08729505 -0.12969849]
 [-0.27604322  0.67004904]
 [-0.2271776  -0.2283949 ]
 [ 0.11271274 -0.28615233]
 [ 0.47325585  0.08614613]
 [-0.28789448 -0.30157204]
 [ 0.41713352 -0.28049279]
 [ 0.13241705  0.41304852]
 [-0.56036273 -0.19876705]]
M[3]=[[-0.22542541  0.13393912  0.11650648]
 [ 0.08317362 -0.25056781 -0.0366812 ]
 [-0.08745427  0.00980836 -0.08536404]
 [-0.10158521 -0.42564563 -0.18495238]
 [ 0.03356602 -0.00480674  0.17477257]
 [ 0.29367797  0.57252333  0.3443776 ]
 [-0.35775252  0.13883507  0.03687462]
 [-0.11065497  0.45098338 -0.84978477]
 [ 0.4948414  -0.38638829 -0.25053389]
 [-0.67217922 -0.19555695  0.09046451]]
M[4]=[[-0.15242386 -0.20102997 -0.05324168  0.15472153]
 [ 0.53650191  0.23600234  0.0844436  -0.52338621]
 [-0.20913336 -0.18923316  0.10472224  0.21080753]
 [-0.09459312 -0.43875799  0.11417298  0.25083613]
 [-0.08323098  0.09078959 -0.16569659 -0.08161646]
 [-0.63566696  0.47340973 -0.31897044 -0.16348794]
 [ 0.21691623 -0.15289618 -0.12637085 -0.03534185]
 [ 0.35292046  0.53255137 -0.10879939  0.74528909]
 [-0.03676761  0.00667317  0.6219139   0.0580762 ]
 [ 0.22867185 -0.36902551 -0.6498085   0.03608704]]
M[5]=[[-0.25563168 -0.04544122  0.13759586 -0.23570782 -0.02452689]
 [ 0.36726983 -0.0351078  -0.39178808  0.57463813  0.28317828]
 [-0.10775006  0.16859182 -0.37059745  0.04879785 -0.09011656]
 [-0.57866295  0.21083424 -0.42936806 -0.09705702 -0.27184637]
 [ 0.03419656 -0.2753457  -0.63815745 -0.2111038   0.11881841]
 [ 0.30974729 -0.61521224 -0.15037937 -0.41678255 -0.28677045]
 [-0.04938046 -0.02703187 -0.1164742   0.08625249  0.25443435]
 [ 0.4403593   0.63539203 -0.1424162  -0.55889323  0.20796367]
 [ 0.05276592  0.22385636 -0.19432104  0.21539057 -0.50018474]
 [-0.39629871 -0.12231719 -0.06634688 -0.1340329   0.61859635]]
M[6]=[[ 0.22401151  0.00214728  0.11959764 -0.23991767 -0.71319792  0.3086979 ]
 [-0.27948624 -0.43493108 -0.3440666  -0.28788708  0.01360508 -0.38821794]
 [ 0.10043704  0.25760238 -0.09990855  0.66091702 -0.17497032  0.10736189]
 [ 0.30450268 -0.22912297  0.08760225 -0.43617922  0.100276    0.4544907 ]
 [ 0.10404526  0.12935905  0.1829108  -0.11701767  0.06355361 -0.03541451]
 [ 0.00082069  0.39313722  0.5859208  -0.25186798  0.10049731 -0.33652642]
 [ 0.18074554 -0.20780326 -0.24553775  0.11156557  0.13031411  0.24511275]
 [-0.78882401 -0.09055389  0.3063844   0.06540981  0.04149556  0.50348162]
 [ 0.31750807 -0.30240477  0.32995566  0.21691764  0.53701997  0.13977942]
 [-0.0484466   0.61469711 -0.45811378 -0.30263463  0.35952867  0.29713224]]
M[7]=[[ 0.39628227  0.09548364  0.02199822 -0.07399928 -0.48542601  0.08635651
   0.23459896]
 [-0.53479708  0.11990306  0.23077196 -0.14473708  0.217752    0.02299471
   0.71648094]
 [ 0.22081432 -0.00190693 -0.07783126  0.04545602  0.56498487  0.37685177
  -0.00170281]
 [ 0.51975439  0.25850901  0.08112595 -0.10347766  0.34545843 -0.51880269
   0.32724866]
 [-0.07870893 -0.11333743 -0.11613325 -0.03571296 -0.04203427 -0.71158696
  -0.12129197]
 [ 0.12973095 -0.72852954 -0.46983303  0.1862362   0.01245175 -0.00240025
   0.4251048 ]
 [ 0.22176274  0.24041663 -0.08777628 -0.13581071 -0.42470059  0.19599366
   0.33363337]
 [-0.04408989  0.34459371 -0.08272969  0.92240256 -0.03638    -0.0593355
   0.11731631]
 [ 0.40473207 -0.138874    0.37115168  0.09237971  0.23252162  0.15711475
  -0.03345187]
 [-0.00964165  0.41260629 -0.73965451 -0.21688022  0.20177688  0.08865255
  -0.05389441]]
M[8]=[[-0.37062723  0.18068684 -0.14372536  0.20010593  0.73896886  0.26065085
  -0.25492752  0.28932918]
 [-0.5218099   0.56020378 -0.01451084 -0.28131902 -0.19785518 -0.19336912
   0.25596877  0.01659707]
 [ 0.63007504  0.30461911 -0.01524518  0.11517335  0.2000616  -0.03613504
  -0.11754936 -0.1914354 ]
 [-0.04010798 -0.00342537 -0.08955801  0.11311241 -0.54313437  0.53424386
  -0.46939825  0.30372354]
 [-0.37007708 -0.16463475  0.06483665  0.24989079 -0.01419976  0.23451245
  -0.11024475 -0.82328191]
 [-0.0437175  -0.21707538  0.53910411  0.48082202  0.05229825  0.04668539
   0.41383373  0.22895195]
 [ 0.15698123  0.32556924 -0.23020954  0.09613761  0.07503794  0.04637294
  -0.03207373 -0.21924459]
 [-0.16055153 -0.11261801  0.01695395  0.30529702 -0.07962877 -0.73613289
  -0.54452208  0.05849229]
 [-0.01290777 -0.37696294  0.28355008 -0.67601108  0.25280426  0.03027322
  -0.25952954 -0.04581083]
 [-0.04787374 -0.4750936  -0.7364495   0.0410243   0.03066914 -0.07624381
   0.29502292  0.05759677]]
M[9]=[[-5.22148621e-01 -2.83030495e-02 -6.79851281e-01 -9.34498098e-02
   2.18929774e-01 -1.27649625e-01  9.64652604e-02  1.58855414e-01
   2.25650523e-02]
 [-2.99602844e-01 -5.76628002e-01  1.43261276e-01  2.45307929e-01
  -1.76079055e-01 -3.53885265e-01 -5.78388289e-01 -3.03613176e-02
   7.31096203e-02]
 [-1.72214859e-02  1.57988752e-01  5.61344881e-01 -3.06851338e-02
   1.90177673e-01 -1.47714354e-01 -2.42326856e-04  6.41305316e-02
  -5.12696607e-02]
 [-4.16450304e-01 -1.78971243e-01  2.66429305e-01  1.23564305e-01
  -4.65298658e-01  1.82181983e-01  5.63950322e-01  2.55503220e-01
   2.73951416e-01]
 [-3.85828781e-01 -7.16922744e-02  3.31100022e-01 -1.93093169e-01
   6.70948342e-01 -1.56781441e-01  1.75864085e-01 -8.09552620e-02
   6.58465982e-02]
 [-1.10756880e-01 -3.61757454e-01  2.74155182e-02 -5.70549883e-01
  -1.77145078e-01  2.77743427e-01  6.54490661e-02 -5.75248545e-01
  -2.49282676e-01]
 [ 5.14151788e-01 -5.27219596e-01 -8.57016600e-02 -2.50914759e-01
   8.19723273e-02 -4.13419954e-01  3.52911739e-01  2.79887932e-01
   6.32166065e-02]
 [-1.00971764e-01 -1.26276484e-01  5.65326485e-02  1.91343725e-01
   1.38820488e-02  6.09923429e-02  1.01338874e-01  3.15153676e-01
  -9.01571869e-01]
 [ 1.66259770e-01 -3.90088597e-01 -7.50701792e-02  5.69419407e-01
   3.97542357e-01  4.59834788e-01  1.49071344e-01 -2.35955943e-01
   1.06340038e-01]
 [ 2.34715520e-02 -1.66205684e-01  6.80493208e-02 -3.58134330e-01
   1.47957345e-01  5.61831825e-01 -3.81930794e-01  5.77624084e-01
   1.47830444e-01]]

Bayesian optimization iterations
y_all=[0.21232199417080416, 2.855851945461516, 2.588446059212262, 2.6468578548002597, 2.5389868899181436, 2.695541468893144, 2.5440669834287357, 2.5687319237985418, 2.553035452155195, 2.898504306124818, 2.7594845712560985, 2.7968895184710885, 2.914714177984347, 2.914714177984347, 2.508247874515623, 2.097813731095588, 3.0169190263653975, 3.0169190263653975, 3.0169190263653975, 3.0169190263653975, 3.0169190263653975, 3.0169190263653975, 3.0169190263653975, 3.0169190263653975, 3.0169190263653975, 3.0169190263653975, 3.0169190263653975, 3.0169190263653975, 3.0169190263653975, 3.0169190263653975, 3.0169190263653975, 3.0169190263653975, 3.0169190263653975, 3.0169190263653975, 3.0169190263653975, 3.0169190263653975, 3.0169190263653975, 3.0169190263653975, 3.0169190263653975, 3.0169190263653975, 3.0169190263653975, 3.0169190263653975, 3.0169190263653975, 3.0169190263653975, 3.0169190263653975, 3.0169190263653975, 3.0169190263653975, 3.0169190263653975, 3.0169190263653975, 3.0169190263653975]

