r=[0.15819508196717896, 0.09945814897074085, 0.09700894035211895, 0.1004383517174547, 0.0969654085950189, 0.12827072611032017, 0.10714194580136778]
E_var=[0.5752137050579823, 0.4093301840024323, 0.36170589291670213, 0.48382381512511086, 0.4227854488267715, 0.5003086421970114, 0.2750273768593919]


kernel[1]=2.07**2 * RBF(length_scale=1.04) + WhiteKernel(noise_level=0.564)
kernel[2]=2.17**2 * RBF(length_scale=[0.392, 1.28]) + WhiteKernel(noise_level=0.384)
kernel[3]=2.84**2 * RBF(length_scale=[1.35, 1.15, 0.502]) + WhiteKernel(noise_level=0.316)
kernel[4]=2.31**2 * RBF(length_scale=[0.943, 1.02, 0.529, 8.81e+03]) + WhiteKernel(noise_level=0.43)
kernel[5]=1.73**2 * RBF(length_scale=[0.376, 0.805, 1.17, 1.15, 1.11e+04]) + WhiteKernel(noise_level=0.347)
kernel[6]=3.3**2 * RBF(length_scale=[1.1, 8.81e+04, 3.69e+03, 1e+05, 1.34, 1e+05]) + WhiteKernel(noise_level=0.473)
kernel[7]=2.27**2 * RBF(length_scale=[2.73, 2.53, 0.546, 7.36, 0.528, 369, 0.604]) + WhiteKernel(noise_level=0.181)

M1=[[ 0.16340074]
 [ 0.11125432]
 [ 0.03979594]
 [ 0.23528537]
 [ 0.01746266]
 [-0.01782455]
 [-0.43433972]
 [ 0.33393484]
 [-0.40101879]
 [-0.26445377]
 [ 0.61028006]]
M2=[[ 0.00588617  0.17550307]
 [ 0.14412443 -0.03737846]
 [-0.00362944  0.07597493]
 [ 0.16261028  0.220736  ]
 [ 0.07114839 -0.14730873]
 [-0.01580341 -0.00814305]
 [-0.23038942 -0.40746354]
 [ 0.07853684  0.29060453]
 [-0.89287252  0.37534625]
 [-0.03725412 -0.34573747]
 [ 0.29928224  0.61696195]]
M3=[[-6.82817776e-02  1.74594595e-01  6.27301466e-02]
 [-1.94272933e-01 -3.37717368e-01  1.36821913e-01]
 [-5.40458748e-02 -7.59814736e-03 -2.08192440e-02]
 [-2.62213016e-01 -2.89699270e-02  1.26167581e-01]
 [ 2.25817026e-01  2.12722169e-01  1.13638494e-01]
 [-8.23673464e-02 -1.59109456e-02 -5.26304008e-02]
 [ 7.90782465e-01  2.24875370e-01 -9.91682027e-02]
 [-1.99839427e-01  1.97291550e-01  7.69331284e-02]
 [-2.52107335e-01  2.52004668e-01 -9.02977855e-01]
 [ 1.73214212e-04 -5.55336016e-01 -1.07008976e-01]
 [-3.15135609e-01  5.89631672e-01  3.20525132e-01]]
M4=[[ 0.02161165 -0.26404656 -0.07230832  0.23617918]
 [ 0.06627304 -0.01087269  0.10408653 -0.74158112]
 [-0.40713083  0.52013141  0.59278401  0.0776552 ]
 [-0.23344418 -0.27370412  0.05011705 -0.43163473]
 [ 0.14648454 -0.09761563 -0.10799457 -0.20681048]
 [-0.02823232  0.15976402  0.03112692 -0.30410689]
 [ 0.40532366  0.39731241 -0.20212129  0.03240477]
 [-0.02811301 -0.4381431  -0.05125049  0.10163712]
 [-0.68581214  0.18645658 -0.66712812 -0.05954099]
 [-0.01289275  0.14746436 -0.13112518  0.16840912]
 [-0.34212894 -0.37857482  0.33416736  0.15296879]]
M5=[[ 0.0325207  -0.02477221  0.11632209  0.18615635  0.33371116]
 [-0.13673797  0.11595806  0.08576431 -0.02851993  0.28412572]
 [ 0.10526675 -0.07316932 -0.06091596  0.43862761  0.33750944]
 [-0.20235632 -0.08722395  0.28502408 -0.18194511 -0.13157055]
 [-0.11436338  0.08357665 -0.09828085 -0.20502463 -0.42315699]
 [ 0.22844449  0.34756563  0.30692763  0.14432263  0.2408161 ]
 [ 0.47549479  0.31371629 -0.44769961  0.39068711 -0.38673856]
 [ 0.05291565  0.48619253  0.64714381  0.0869323  -0.33971483]
 [ 0.70938895 -0.55711507  0.33843258 -0.14658619 -0.09120055]
 [ 0.09362039  0.01048857 -0.18113957 -0.42366465 -0.09875326]
 [-0.34936695 -0.44710521  0.15402037  0.56124613 -0.39571346]]
M6=[[-0.02773643  0.01720276  0.08716137 -0.00678845  0.16004116 -0.36274694]
 [-0.20059202  0.32638165  0.26650055 -0.12768912 -0.07315505 -0.21292561]
 [-0.01351773 -0.23429248 -0.13704648  0.384026    0.02634204 -0.19307188]
 [-0.2080259  -0.30663444 -0.31201697  0.22512224  0.12748016  0.08659741]
 [ 0.21569423  0.53534606 -0.40580377  0.06864918  0.15037837  0.08798869]
 [-0.07152584 -0.56091665 -0.15354179 -0.1367817  -0.08848851  0.36010897]
 [ 0.88356347 -0.10403342  0.07147718 -0.13982821 -0.02265296  0.16412354]
 [-0.19235681  0.09701895 -0.46801035 -0.69664102  0.20112315  0.12707289]
 [-0.17011358  0.30828521  0.03494903  0.20844249 -0.54130524  0.60015743]
 [-0.06205592 -0.16349997  0.3634956  -0.46200982 -0.3645246  -0.09999096]
 [-0.11584893  0.03210776  0.50941052  0.01759223  0.67438341  0.4770847 ]]
M7=[[ 0.54715373  0.2298861   0.14485241 -0.38802488 -0.13786731 -0.25082465
  -0.18528833]
 [ 0.34660494 -0.32113839 -0.02724581 -0.22312057  0.26255228 -0.10643612
   0.0341014 ]
 [-0.31736934 -0.28933953 -0.01784127  0.1718256  -0.03486857 -0.14333281
  -0.05994178]
 [-0.10339004 -0.33025952 -0.06961988  0.29123484  0.4078525   0.04195061
  -0.12250487]
 [ 0.38824924 -0.51012137  0.17332915  0.25454327  0.00195334 -0.01162977
   0.11295463]
 [-0.33343062  0.13764226 -0.09084444 -0.33394781  0.0404704   0.4182338
  -0.08957678]
 [ 0.10340624  0.08345087  0.15233007  0.35472337 -0.56855649  0.2276718
   0.48992852]
 [ 0.20037637 -0.29562346  0.11416552 -0.15148084 -0.15202868  0.74724343
  -0.33250791]
 [ 0.16216796 -0.06362105 -0.80240698  0.18401128 -0.38227741 -0.08333214
  -0.34972074]
 [ 0.33493006  0.32858792 -0.39186103  0.16372956  0.48092679  0.32966062
   0.3885604 ]
 [ 0.1335718   0.40704996  0.3180633   0.54731717  0.13806507  0.05071361
  -0.54885961]]